// The abscissas of order 1 rule (1 points):

0.25,    0.25,    0.25,

// The abscissas of order 2 rule (4 points):

0.180029693510365,    0.365314518814635,    0.00692323557362744,
0.155933120499186,    0.457461587085596,    0.381765356069347,
0.216076429184848,    0.00037551502872931,    0.430701707077836,
0.82157254096762,    0.123666800328458,    0.0399330486414984,

// The abscissas of order 3 rule (6 points):

0.190117002439284,    0.439858947649275,    0.0114033294445573,
0.158685163227441,    0.124804862165247,    0.585662805655216,
0.0109052122111891,    0.345444155719731,    0.281523802123546,
0.571226052149115,    0.141482751969504,    0.14691839008717,
0.170816925164989,    0.0378716317823568,    0.152818143090927,
0.162001491698524,    0.641429791495697,    0.183850350492098,

// The abscissas of order 4 rule (11 points):

0.0972046445875833,    0.106604172561994,    0.68439041545304,
0.0295694952064799,    0.329232959742647,    0.317903560213394,
0.432710239047769,    0.103844116410993,    0.353823239209297,
0.240276664928073,    0.304448402434497,    0.126801725915392,
0.12941137378891,    0.538007203916186,    0.330190414837465,
0.121541991333928,    0.00899126009333576,    0.30649398842969,
0.450765876091277,    0.432953490481356,    0.0594566162994339,
0.419266313879513,    0.0533412395357452,    0.0477814355590864,
0.0672232948933833,    0.741228882093623,    0.0351839297735986,
0.752508507009655,    0.0814049184028594,    0.0680993709382064,
0.0404905067275903,    0.174694058697231,    0.0135607018798026,

// The abscissas of order 5 rule (14 points):

0.0927352503108913,    0.0927352503108913,    0.721794249067326,
0.45449629587435,    0.0455037041256496,    0.454496295874351,
0.0455037041256498,    0.45449629587435,    0.45449629587435,
0.0455037041256496,    0.0455037041256498,    0.45449629587435,
0.310885919263301,    0.310885919263301,    0.0673422422100982,
0.0673422422100983,    0.310885919263301,    0.310885919263301,
0.3108859192633,    0.0673422422100984,    0.310885919263301,
0.310885919263301,    0.310885919263301,    0.310885919263301,
0.721794249067326,    0.0927352503108914,    0.0927352503108912,
0.0927352503108912,    0.0927352503108914,    0.0927352503108912,
0.0927352503108913,    0.721794249067326,    0.0927352503108912,
0.454496295874351,    0.45449629587435,    0.0455037041256493,
0.45449629587435,    0.0455037041256496,    0.0455037041256499,
0.0455037041256496,    0.45449629587435,    0.0455037041256493,

// The abscissas of order 6 rule (23 points):

0.0388360843448845,    0.0243189742481429,    0.902928799013611,
0.064769436930053,    0.267844198183576,    0.636767508558514,
0.0647751604471054,    0.0234677955730542,    0.390862050671012,
0.277903669330078,    0.0637328952949977,    0.594909689021796,
0.0660986624146807,    0.0836788140600551,    0.63005455511099,
0.325119658577025,    0.329379718549199,    0.326833504619046,
0.319194280348931,    0.304169265349782,    0.0443833443572084,
0.328388171231222,    0.0382886707382454,    0.320287433697692,
0.0550990224907258,    0.351939197334704,    0.38108430890631,
0.124649963637486,    0.152103811309931,    0.201234567364421,
0.0659249231600097,    0.62432136355343,    0.2535936747432,
0.00735452383806951,    0.211297658581586,    0.25118449527753,
0.617455720147269,    0.0631999809425698,    0.258449148983926,
0.279420052945988,    0.255820784264986,    0.269569929633272,
0.287725094826464,    0.577345781389727,    0.0646206380733686,
0.594717301875796,    0.0651779927633704,    0.0666032980076033,
0.0667895997817379,    0.530063275481017,    0.0769927171009674,
0.626540201708882,    0.248449540118895,    0.0621155331835987,
0.060010583020269,    0.213041183236186,    0.0258426862607031,
0.275786300469851,    0.0539961408359145,    0.0600161491661685,
0.0513252061652029,    0.841138951662318,    0.0372647521383556,
0.040576051066818,    0.0087819577775188,    0.0886003504689103,
0.903770001332182,    0.0228658238140232,    0.0293357210831789,

// The abscissas of order 7 rule (31 points):

0.0192079934885852,    0.00199682581830003,    0.651334895848238,
0.323456841789598,    0.0609221845854507,    0.615170988311871,
0.0624740225231502,    0.063969430325799,    0.812872555571,
0.0140330844733053,    0.23078490023767,    0.566163074530697,
0.062444412712909,    0.323948070989182,    0.586321285830122,
0.261508769176583,    0.350115304507171,    0.0119758768891575,
0.260420587998262,    0.0225329834938323,    0.564650102467691,
0.258280547367444,    0.500378669849816,    0.0826690956073922,
0.397174402994917,    0.289861281908691,    0.171048877818779,
0.55045594162486,    0.157241855986003,    0.0437434701607318,
0.0258331677317302,    0.631548473918005,    0.280405238101906,
0.107462430783153,    0.111251133426943,    0.475849161739315,
0.252130530629395,    0.217554444216353,    0.448739255383575,
0.601823577631812,    0.0446302679066366,    0.289994034365513,
0.0331656998310358,    0.0762414702839689,    0.274801534897994,
0.109895976327021,    0.437248089764549,    0.276571682738858,
0.410358095994939,    0.0740087021391156,    0.244761650919342,
0.176438223014948,    0.218812622547505,    0.175766110266451,
0.199110572052884,    0.00161353261998983,    0.263747375338565,
0.528711306413653,    0.234396497335962,    0.216998299345866,
0.00392965148708804,    0.350528406837283,    0.241844613058583,
0.223470202530143,    0.550888978142213,    0.225528537697264,
0.297785234383524,    0.068011104899261,    0.0476494431008926,
0.293770036523707,    0.627983229358598,    0.0274823781928344,
0.0528776293788548,    0.599019239879898,    0.0549795828955138,
0.0530001383345469,    0.275309810687132,    0.0449776631268799,
0.599100943620026,    0.319658376097012,    0.0352137952974546,
0.820745300741595,    0.0628150728452369,    0.0589104128256089,
0.0598941950699871,    0.824544066695395,    0.0567758666899469,
0.0620110919366439,    0.0521366890580111,    0.057182154516779,
0.635521510583761,    0.000500433444271983,    0.0598944722319086,

// The abscissas of order 8 rule (44 points):

0.00885559427870509,    0.0176071561268778,    0.948563929799007,
0.0362046719285184,    0.189074468870033,    0.731367360036089,
0.611336533691884,    0.230743496794649,    0.00557577303043844,
0.0277767579935652,    0.0258068488725325,    0.466540585890919,
0.156486685040066,    0.0464861294110926,    0.751496536151838,
0.195546081922602,    0.249637083057875,    0.541793182461809,
0.0414941590182784,    0.0490853443274962,    0.71717735709395,
0.220977464998818,    0.257916673154309,    0.0123959233601952,
0.415076584269989,    0.0431223833778798,    0.494799169319991,
0.479406653352866,    0.199906729032922,    0.320095606750398,
0.0622443994610203,    0.123978489327819,    0.403654775010059,
0.212519226117529,    0.0338367380972241,    0.50564195098037,
0.397275457461443,    0.382880501165727,    0.0817336282047912,
0.0454473742628586,    0.472133219549674,    0.435666994545663,
0.216139692630079,    0.49359008083402,    0.0391905731975355,
0.0452907498885835,    0.250227446293039,    0.493144767959065,
0.428407770736019,    0.182246049223361,    0.0619469615468447,
0.142514629908895,    0.228080184055079,    0.128143739766618,
0.181262191170946,    0.0308224720999308,    0.25934638915961,
0.249520766079952,    0.164695505900328,    0.249905550725755,
0.48622524586616,    0.0424303011456227,    0.275236027299907,
0.227462049986755,    0.200330706877803,    0.448954528663698,
0.15825909334589,    0.411896203648412,    0.207391735140623,
0.0288272589009353,    0.511106071913577,    0.229540713072656,
0.229540615063575,    0.48351828029101,    0.24201755731748,
0.485313557638069,    0.209642302870646,    0.198619977669231,
0.0226109096366603,    0.250471921917321,    0.222434642492779,
0.720511165717872,    0.036780649734748,    0.204368923907325,
0.465315160413036,    0.461811725168263,    0.00542218330717834,
0.0393802186845057,    0.0504550069317246,    0.173195608683351,
0.0454345303521096,    0.748574560745763,    0.163299343299354,
0.424650054079589,    0.0309505292161331,    0.136206241225198,
0.216264148890651,    0.0543830156062337,    0.0512537651338736,
0.204491813747223,    0.70165677606439,    0.0468686532808732,
0.719573330071695,    0.0447802154960319,    0.0559906446821021,
0.0462005821486644,    0.723709495041749,    0.0434988144519503,
0.500329672032976,    0.0357625708787199,    0.00811205075570586,
0.0410502981454823,    0.448778007752482,    0.045685365746118,
0.0398566779234231,    0.164386930984808,    0.0344820754789427,
0.762367884954453,    0.150637711781425,    0.0524383899287031,
0.498254961782204,    0.41392128343882,    0.0797578709669054,
0.048689004639022,    0.00457118437451568,    0.0221620710966624,
0.030052247775933,    0.940808202831601,    0.00671967882215316,
0.957381626058303,    0.000971878369015148,    0.0160079842312983,

// The abscissas of order 9 rule (57 points):

0.223347667813601,    0.0403857712760577,    0.723724094807067,
0.0420664854098777,    0.0419547320076868,    0.875196026528408,
0.0149238239784767,    0.213353780462222,    0.72761122983064,
0.0396771205159149,    0.0116791877673534,    0.47317164143189,
0.0331316669554184,    0.0401113782404464,    0.713691124061697,
0.18095213245167,    0.0254593439902071,    0.682058612968494,
0.143214340397824,    0.612340802182086,    0.000666217908743648,
0.194621680265471,    0.380737034941527,    0.420505174202867,
0.435066176799439,    0.00580738125855218,    0.447184150342226,
0.416782083325252,    0.226837319964301,    0.00779839281859605,
0.124285648730518,    0.192371795270148,    0.656138223504377,
0.444345247810464,    0.0610766003173578,    0.474856882867235,
0.132883433039591,    0.356752136898719,    0.0205145714017885,
0.0155201159921829,    0.361950881374389,    0.39243368052707,
0.0366754648901351,    0.458244669513536,    0.463585726400412,
0.231314248871532,    0.103011513806395,    0.00286457798839643,
0.0528125899288534,    0.183985390917369,    0.579144072483221,
0.0274327152138569,    0.124235622988202,    0.412543124292685,
0.17990450159705,    0.0391203352168919,    0.476509401004044,
0.227159869315033,    0.141716159874522,    0.517598979528501,
0.374496979076987,    0.222247573716264,    0.363925352762609,
0.360156713211527,    0.45874567579555,    0.0368998311021249,
0.228984009070693,    0.336434527121508,    0.0827335053473292,
0.333619190568023,    0.270966213108107,    0.199823030101454,
0.572956368580224,    0.166874972870679,    0.0777442683512466,
0.147687068101471,    0.152468317173524,    0.09407076219108,
0.422228601671921,    0.0834237885206363,    0.303141864574498,
0.414761922299037,    0.363356680112364,    0.162526363750601,
0.353700358434539,    0.10961245832859,    0.117934406191923,
0.165062840907306,    0.181977223477481,    0.309246440579088,
0.143482922419707,    0.378744394121169,    0.34694080625476,
0.13066568757553,    0.0458087378144925,    0.235477104647691,
0.132504385419056,    0.557160321974948,    0.12240359518817,
0.339432294095281,    0.0153895998106675,    0.241869511998084,
0.0550373938296805,    0.351609177188374,    0.196941061937647,
0.645449463437002,    0.103157146828274,    0.202551715395404,
0.72038072033592,    0.00689136683929529,    0.244078663540675,
0.0448310591511101,    0.709802719558639,    0.211317992359171,
0.215845533526719,    0.565516352082529,    0.186190938826938,
0.0175868132550815,    0.604426299960603,    0.20371686346026,
0.0230247668978292,    0.0313878366926268,    0.201015109996088,
0.633534755777452,    0.276077439823471,    0.0202948586616075,
0.020944276301084,    0.183854997817626,    0.170438917807266,
0.644358309838968,    0.0196505604208401,    0.134094535449186,
0.737898449375068,    0.0513736820386086,    0.0105248700657299,
0.586619406367851,    0.273754969152287,    0.133173713253393,
0.187147292114549,    0.730498994262046,    0.0370698658976922,
0.483732396697471,    0.0333272032037564,    0.0372285314523824,
0.0317115615353829,    0.23077311207171,    0.0291491310298441,
0.030209714970184,    0.751889344488304,    0.0393132826972472,
0.783023838067657,    0.155578908302726,    0.0372273140607445,
0.0244822382813638,    0.500770113322834,    0.0493321397035169,
0.440521404847323,    0.515285061557277,    0.0330743569254284,
0.218303550548395,    0.00837326895113066,    0.0638376081133778,
0.045898329792495,    0.0458590194760227,    0.0393006512570472,
0.873984284469283,    0.0347402244184288,    0.0480297338872504,
0.0374671558210409,    0.884773595262315,    0.0431398494500382,

// The abscissas of order 10 rule (74 points):

0.532588923650052,    0.112124386464979,    0.236241958845761,
0.119044731039276,    0.532588923649936,    0.236241958845661,
0.112124386465023,    0.119044731039283,    0.236241958845699,
0.490895346760997,    0.114537986315841,    0.0249540220672382,
0.369612644856217,    0.490895346760553,    0.02495402206724,
0.114537986316024,    0.369612644856148,    0.0249540220671653,
0.0307019608706963,    0.126639490878871,    0.811477229498195,
0.0311813187522109,    0.030701960870745,    0.811477229497971,
0.126639490878582,    0.0311813187522021,    0.81147722949849,
0.329984187563428,    0.620258301289887,    0.0324034637009128,
0.0173540474457836,    0.329984187563712,    0.0324034637009263,
0.620258301290051,    0.0173540474456844,    0.0324034637009165,
0.298635089789364,    0.453485924358789,    0.128556392359953,
0.119322593491917,    0.298635089789335,    0.128556392359763,
0.453485924358994,    0.119322593491742,    0.128556392359958,
0.41747625187081,    0.404377014488369,    0.161337142171161,
0.0168095914696485,    0.417476251870908,    0.161337142171081,
0.404377014488366,    0.016809591469599,    0.161337142171075,
0.0351895822687681,    0.780572245824389,    0.0330735998255434,
0.15116457208164,    0.0351895822687084,    0.0330735998255771,
0.780572245824151,    0.151164572081518,    0.0330735998255728,
0.0230972587755699,    0.633928034390357,    0.17336085927366,
0.169613847560395,    0.0230972587755565,    0.173360859273732,
0.633928034390302,    0.169613847560402,    0.173360859273759,
0.177018351018918,    0.633587565314398,    0.1650530553464,
0.0243410283202735,    0.177018351018947,    0.165053055346375,
0.633587565314261,    0.0243410283202642,    0.165053055346507,
0.351030926661913,    0.0302939377577043,    0.0326605800532648,
0.586014555527252,    0.351030926661772,    0.0326605800532899,
0.0302939377577213,    0.586014555527477,    0.0326605800532722,
0.328345521473841,    0.302001907326645,    0.303026128942095,
0.0666264422574019,    0.328345521473828,    0.303026128941855,
0.302001907326744,    0.0666264422573127,    0.303026128942078,
0.0126764316485511,    0.413701128449536,    0.409075224011871,
0.164547215889915,    0.0126764316485457,    0.409075224011948,
0.413701128449435,    0.164547215890011,    0.409075224012007,
0.339513062621138,    0.120713111635809,    0.411092657494867,
0.12868116824813,    0.339513062620902,    0.411092657494958,
0.120713111635856,    0.128681168248194,    0.411092657495011,
0.0830249468821678,    0.150268790251704,    0.0384967818689645,
0.728209480997427,    0.0830249468819634,    0.0384967818689939,
0.150268790251755,    0.728209480997069,    0.0384967818689951,
0.132467010744772,    0.515916816614274,    0.107446461585058,
0.244169711055904,    0.132467010744642,    0.107446461585154,
0.515916816614441,    0.244169711055665,    0.107446461585192,
0.41260083617917,    0.0122804285624346,    0.397904362185717,
0.177214373072707,    0.412600836179202,    0.397904362185566,
0.0122804285624442,    0.177214373072742,    0.397904362185593,
0.814902282940503,    0.0322052864177143,    0.119376795136335,
0.0335156355054199,    0.814902282940798,    0.11937679513607,
0.0322052864177286,    0.0335156355054174,    0.119376795135861,
0.029355116860418,    0.175799607249302,    0.620841510435642,
0.174003765454579,    0.0293551168603719,    0.620841510435722,
0.175799607249215,    0.174003765454628,    0.620841510435776,
0.599273801139227,    0.0311446124900869,    0.336597526383027,
0.0329840599876767,    0.599273801139516,    0.336597526382707,
0.0311446124900784,    0.0329840599876794,    0.336597526382512,
0.0357390844115415,    0.337948919826427,    0.592532870170898,
0.0337791255911184,    0.0357390844115455,    0.592532870170714,
0.337948919826095,    0.0337791255911395,    0.592532870171223,
0.180760249570227,    0.55966008885546,    0.00743879573116748,
0.252140865843321,    0.180760249570057,    0.00743879573119932,
0.559660088855702,    0.252140865843034,    0.00743879573121463,
0.00666708044834988,    0.946719848292357,    0.00806750556190459,
0.0385455656973747,    0.00666708044865899,    0.00806750556177966,
0.946719848291852,    0.0385455656974802,    0.00806750556217403,
0.103593660247555,    0.874025132764932,    0.0185543150543456,
0.00382689193304409,    0.103593660248003,    0.018554315054337,
0.874025132765168,    0.00382689193302946,    0.0185543150543572,
0.257071980762551,    0.257071980762428,    0.228784057712463,
0.00484488952757247,    0.00484488952776734,    0.98546533141674,
0.16695976931758,    0.166959769317206,    0.499120692048112,
0.318206200820592,    0.318206200820324,    0.045381397538629,
0.133659949532611,    0.133659949532392,    0.599020151402528,

// The abscissas of order 11 rule (95 points):

0.116023081854425,    0.728873249484653,    0.135592364575494,
0.0195113040854561,    0.116023081854311,    0.135592364575472,
0.728873249484144,    0.0195113040853996,    0.135592364576106,
0.00762104076479356,    0.473392726282396,    0.50683735576362,
0.0121488771892922,    0.00762104076469394,    0.506837355764064,
0.473392726283015,    0.0121488771892419,    0.506837355763665,
0.363347525696901,    0.0168886401897683,    0.280802863730816,
0.338960970382143,    0.363347525697624,    0.280802863730395,
0.0168886401897473,    0.338960970382072,    0.280802863730256,
0.0173048958376224,    0.680860745134595,    0.157779396731644,
0.144054962296379,    0.0173048958374877,    0.15777939673188,
0.680860745134503,    0.144054962296286,    0.157779396731746,
0.142994640166548,    0.474182128645855,    0.144348866503299,
0.238474364684594,    0.142994640166434,    0.144348866502935,
0.474182128645578,    0.238474364684246,    0.14434886650385,
0.0177983897923629,    0.811198981443021,    0.145295910885661,
0.0257067178790109,    0.017798389792311,    0.145295910885563,
0.811198981442227,    0.0257067178790228,    0.145295910886405,
0.0295177425032737,    0.494502062127404,    0.296998009659033,
0.178982185709863,    0.0295177425035284,    0.296998009659455,
0.494502062126534,    0.178982185709254,    0.296998009660745,
0.268993301708489,    0.556351869431587,    0.0221892132299923,
0.152465615629864,    0.268993301708777,    0.0221892132300193,
0.556351869431363,    0.152465615629879,    0.0221892132301093,
0.0272384438972303,    0.121338199233652,    0.822137157904796,
0.0292861989641831,    0.0272384438973111,    0.822137157904945,
0.121338199237199,    0.0292861989645277,    0.822137157900739,
0.544675004555141,    0.0296027258670736,    0.227882722511225,
0.19783954706604,    0.544675004555976,    0.227882722510874,
0.0296027258670366,    0.197839547066301,    0.227882722510613,
0.0118674337483947,    0.828341131139443,    0.0334920286219497,
0.126299406490287,    0.0118674337485698,    0.0334920286219081,
0.828341131139332,    0.126299406490289,    0.0334920286218665,
0.0322988133183324,    0.498482050332391,    0.132050066271645,
0.337169070077692,    0.0322988133182835,    0.132050066271586,
0.49848205033292,    0.337169070077169,    0.132050066271644,
0.556669403476659,    0.01942383515148,    0.0774013887211521,
0.346505372650919,    0.5566694034766,    0.0774013887210277,
0.0194238351515509,    0.346505372651122,    0.0774013887207087,
0.0932838602527992,    0.737515826090928,    0.0118757474130082,
0.157324566243233,    0.0932838602532346,    0.0118757474130364,
0.737515826090206,    0.157324566242965,    0.0118757474136776,
0.0338895066707501,    0.280166444545332,    0.657524551760272,
0.0284194970236362,    0.0338895066708349,    0.657524551760484,
0.280166444548593,    0.0284194970232856,    0.657524551757306,
0.310774423669185,    0.127545627361565,    0.260990145113875,
0.300689803854399,    0.310774423669647,    0.260990145114484,
0.127545627361447,    0.30068980385497,    0.260990145113821,
0.286494911377532,    0.491088052617866,    0.11082033247165,
0.111596703533136,    0.286494911377242,    0.110820332471535,
0.491088052617963,    0.111596703533013,    0.110820332471767,
0.12553611316684,    0.460111304675021,    0.299470385376176,
0.114882196781783,    0.125536113167282,    0.299470385375898,
0.460111304673332,    0.114882196781495,    0.299470385377665,
0.250053241237449,    0.040604242191124,    0.458580906651289,
0.250761609920117,    0.250053241237633,    0.458580906651255,
0.0406042421910058,    0.250761609920906,    0.458580906650393,
0.0234461159320504,    0.635319477206719,    0.0326609860400843,
0.308573420821199,    0.0234461159321115,    0.0326609860399894,
0.635319477206775,    0.308573420821234,    0.0326609860399006,
0.0902935356263499,    0.309093680236532,    0.507996039113848,
0.0926167450230192,    0.0902935356265845,    0.507996039113706,
0.30909368023533,    0.0926167450231031,    0.507996039115837,
0.100235474598686,    0.67783513645382,    0.101178135308516,
0.120751253639031,    0.100235474598534,    0.101178135308674,
0.677835136452938,    0.120751253638675,    0.101178135309798,
0.154928587401345,    0.0121600892353427,    0.67495628076497,
0.157955042597939,    0.154928587401735,    0.674956280765046,
0.0121600892351609,    0.157955042598642,    0.674956280764345,
0.138106941917312,    0.493695627079059,    0.032736634172222,
0.335460796831543,    0.138106941917413,    0.0327366341721369,
0.493695627078928,    0.335460796831434,    0.0327366341722012,
0.116898196693367,    0.422621045899046,    0.450468335150446,
0.010012422257117,    0.116898196693389,    0.450468335150402,
0.422621045898728,    0.0100124222569324,    0.450468335150789,
0.105521930421362,    0.00607257838916201,    0.482547152473874,
0.405858338714324,    0.105521930421264,    0.482547152475786,
0.00607257838914557,    0.40585833871604,    0.482547152473637,
0.0388428646249605,    0.906620021088922,    0.0279126021220968,
0.0266245121640003,    0.0388428646249558,    0.0279126021220655,
0.906620021088838,    0.0266245121640049,    0.0279126021222462,
0.185161386691705,    0.757055676475515,    0.0260784340060859,
0.031704502826692,    0.185161386691674,    0.0260784340060994,
0.757055676475585,    0.0317045028266909,    0.0260784340061992,
0.0370774799197033,    0.613355585987273,    0.314724910389794,
0.0348420237031947,    0.0370774799197207,    0.314724910389817,
0.613355585985641,    0.0348420237032174,    0.314724910391352,
0.528053533786363,    0.0341321238405651,    0.00412497450827187,
0.433689367865032,    0.528053533786073,    0.00412497450826207,
0.034132123840637,    0.433689367865469,    0.00412497450795282,
0.0217435616212349,    0.0217435616197466,    0.934769315139362,
0.113969534811609,    0.113969534812368,    0.658091395563691,
0.327771112724047,    0.327771112724207,    0.0166866618275803,
0.296008469913485,    0.296008469913471,    0.111974590259687,
0.19682686450449,    0.196826864504454,    0.409519406486427,

// The abscissas of order 12 rule (122 points):

0.431274828111507,    0.522471551355402,    0.0108332023128508,
0.0354204182202371,    0.43127482811151,    0.0108332023128508,
0.522471551355408,    0.0354204182202327,    0.0108332023128459,
0.0288780033877441,    0.10216956909429,    0.247431243635563,
0.621521183882406,    0.0288780033877445,    0.247431243635559,
0.102169569094283,    0.621521183882401,    0.247431243635572,
0.089552509107014,    0.410693314090151,    0.364760249193369,
0.13499392760946,    0.0895525091070087,    0.364760249193379,
0.410693314090152,    0.134993927609458,    0.364760249193382,
0.260055987362752,    0.076567784209284,    0.0619341779789966,
0.601442050448967,    0.260055987362767,    0.0619341779789936,
0.0765677842092809,    0.601442050448957,    0.0619341779789936,
0.259903154085836,    0.114767516763106,    0.233453931951302,
0.391875397199764,    0.259903154085834,    0.233453931951304,
0.114767516763099,    0.391875397199757,    0.23345393195131,
0.305060966577211,    0.655079631029842,    0.0264703515098401,
0.0133890508831076,    0.305060966577206,    0.0264703515098401,
0.655079631029834,    0.0133890508831104,    0.0264703515098407,
0.0799434865871737,    0.602148546636171,    0.197260085334115,
0.120647881442537,    0.0799434865871708,    0.197260085334122,
0.602148546636172,    0.120647881442539,    0.197260085334123,
0.0201343353228147,    0.545950460998921,    0.315572302857257,
0.11834290082101,    0.0201343353228129,    0.31557230285726,
0.545950460998918,    0.118342900821009,    0.315572302857261,
0.233792173057883,    0.481042632269802,    0.269781924982593,
0.015383269689725,    0.233792173057881,    0.26978192498259,
0.481042632269803,    0.0153832696897248,    0.269781924982592,
0.220841759313371,    0.100249754372136,    0.451459949509977,
0.227448536804515,    0.220841759313376,    0.451459949509971,
0.100249754372136,    0.227448536804512,    0.451459949509978,
0.130127094762025,    0.426127974255653,    0.127383168726021,
0.316361762256309,    0.130127094762023,    0.127383168726013,
0.426127974255657,    0.316361762256301,    0.127383168726015,
0.128036327678861,    0.0746260513272086,    0.080261017892951,
0.717076603100972,    0.128036327678866,    0.0802610178929497,
0.0746260513272115,    0.717076603100971,    0.0802610178929497,
0.0591969943784215,    0.851985048949244,    0.0176569601908347,
0.0711609964814982,    0.0591969943784211,    0.0176569601908335,
0.851985048949248,    0.0711609964814968,    0.0176569601908335,
0.0856815735302437,    0.464161060804975,    0.426828186751401,
0.0233291789133806,    0.0856815735302423,    0.426828186751394,
0.464161060804988,    0.0233291789133804,    0.426828186751394,
0.232417998956387,    0.0612354874441952,    0.697518900952387,
0.00882761264703507,    0.232417998956387,    0.69751890095239,
0.0612354874441864,    0.00882761264703297,    0.697518900952386,
0.185900408683766,    0.292248264310623,    0.502598623355028,
0.019252703650583,    0.185900408683767,    0.502598623355022,
0.292248264310634,    0.0192527036505839,    0.502598623355023,
0.0243599100699363,    0.0246152168196159,    0.852514471650136,
0.0985104014603152,    0.024359910069936,    0.852514471650132,
0.024615216819615,    0.0985104014603047,    0.852514471650145,
0.404502368563266,    0.0947626190290203,    0.291823515567251,
0.208911496840468,    0.404502368563276,    0.291823515567244,
0.0947626190290194,    0.208911496840467,    0.29182351556725,
0.0620182193026911,    0.296222795087948,    0.561713963720754,
0.0800450218886009,    0.0620182193026887,    0.561713963720765,
0.296222795087942,    0.0800450218886069,    0.561713963720764,
0.00917208007007441,    0.342531997950151,    0.485862460739408,
0.162433461240372,    0.00917208007007469,    0.48586246073941,
0.342531997950151,    0.162433461240369,    0.485862460739407,
0.023627641314443,    0.694139972529529,    0.264381081506819,
0.0178513046492102,    0.0236276413144453,    0.264381081506813,
0.694139972529533,    0.0178513046492099,    0.264381081506813,
0.29729015531711,    0.0249315640402739,    0.297442217416373,
0.380336063226243,    0.297290155317107,    0.297442217416377,
0.0249315640402728,    0.380336063226246,    0.297442217416372,
0.560665883770014,    0.270890203928969,    0.150162560127795,
0.0182813521732222,    0.56066588377002,    0.150162560127791,
0.270890203928966,    0.0182813521732233,    0.150162560127792,
0.574872758913607,    0.377106399417617,    0.030491279486178,
0.0175295621825991,    0.574872758913612,    0.030491279486178,
0.377106399417613,    0.0175295621826015,    0.0304912794861798,
0.483342697532054,    0.0299575541295913,    0.476493674683287,
0.0102060736550701,    0.483342697532047,    0.476493674683293,
0.0299575541295919,    0.0102060736550685,    0.476493674683286,
0.526759566994199,    0.236378033338292,    0.025424765116052,
0.211437634551462,    0.526759566994189,    0.0254247651160508,
0.236378033338299,    0.211437634551458,    0.0254247651160502,
0.00457955574287853,    0.954618484866729,    0.017905866007425,
0.0228960933829685,    0.00457955574287575,    0.0179058660074232,
0.954618484866734,    0.0228960933829667,    0.0179058660074226,
0.0256118593510931,    0.16333095462719,    0.115447871299236,
0.695609314722481,    0.0256118593510928,    0.115447871299236,
0.163330954627191,    0.695609314722476,    0.115447871299239,
0.402881624628451,    0.446315518264942,    0.0261995607562526,
0.124603296350356,    0.402881624628445,    0.0261995607562526,
0.446315518264951,    0.124603296350348,    0.026199560756252,
0.231647695217254,    0.507548605120255,    0.126623713234391,
0.134179986428097,    0.231647695217251,    0.126623713234393,
0.507548605120259,    0.134179986428095,    0.126623713234395,
0.0343858276593477,    0.843032546078339,    0.0990866132622776,
0.0234950130000349,    0.0343858276593468,    0.0990866132622733,
0.843032546078344,    0.0234950130000358,    0.0990866132622727,
0.027420024867733,    0.118317157542655,    0.701648904118846,
0.152613913470765,    0.0274200248677316,    0.701648904118846,
0.118317157542651,    0.152613913470766,    0.70164890411885,
0.689839510369901,    0.0831251561121387,    0.0240810955367417,
0.202954237981221,    0.689839510369895,    0.0240810955367423,
0.0831251561121398,    0.20295423798122,    0.0240810955367423,
0.367009893737499,    0.489109814726799,    0.11512444438173,
0.0287558471539709,    0.367009893737501,    0.115124444381727,
0.489109814726801,    0.0287558471539702,    0.115124444381729,
0.00430783216071408,    0.744238507663164,    0.152343720516269,
0.0991099396598517,    0.00430783216071221,    0.152343720516272,
0.744238507663162,    0.099109939659855,    0.152343720516271,
0.117645344816038,    0.858904439184522,    0.0198161779595623,
0.00363403803987539,    0.117645344816035,    0.0198161779595611,
0.858904439184525,    0.00363403803987449,    0.0198161779595611,
0.00355709537726906,    0.793988849912225,    0.0330547791775567,
0.169399275532951,    0.00355709537726851,    0.0330547791775573,
0.793988849912227,    0.169399275532947,    0.0330547791775573,
0.290641762236923,    0.00219091239834514,    0.672266868777166,
0.0349004565875677,    0.290641762236919,    0.672266868777173,
0.00219091239833887,    0.0349004565875678,    0.672266868777167,
0.0728291271168854,    0.692501417588048,    0.000524571221017668,
0.234144884074049,    0.0728291271168831,    0.000524571221016443,
0.692501417588051,    0.23414488407405,    0.000524571221014606,
0.117684339714559,    0.117684339714556,    0.646946980856328,
0.00533607701965164,    0.00533607701964377,    0.983991768941055,
0.332496959976649,    0.332496959976636,    0.00250912007007455,
0.305329584336061,    0.305329584336056,    0.0840112469918197,
0.248212371556224,    0.248212371556229,    0.255362885331328,

// The abscissas of order 13 rule (146 points):

0.0133714289435641,    0.818026162194412,    0.107457129743794,
0.0611452791183258,    0.0133714289435259,    0.107457129743809,
0.818026162194297,    0.0611452791182965,    0.107457129743849,
0.0829145204330442,    0.400097929629891,    0.4641321089537,
0.0528554409833557,    0.0829145204330399,    0.464132108953597,
0.400097929630127,    0.0528554409833097,    0.464132108953625,
0.030670867576084,    0.486917892917434,    0.41644212779929,
0.0659691117071546,    0.0306708675760625,    0.41644212779934,
0.486917892917536,    0.0659691117071846,    0.416442127799194,
0.0518298141536549,    0.168227625703714,    0.0127590379000879,
0.767183522242568,    0.0518298141536327,    0.0127590379000585,
0.168227625703764,    0.767183522242537,    0.0127590379000646,
0.484774657158783,    0.0158306343508985,    0.018330570787562,
0.481064137702813,    0.484774657158741,    0.0183305707875626,
0.0158306343509015,    0.481064137702793,    0.0183305707875516,
0.370442555958176,    0.212441759266561,    0.0106815230635503,
0.406434161711828,    0.370442555958057,    0.0106815230635699,
0.212441759266615,    0.406434161711731,    0.0106815230635699,
0.287470635892888,    0.0178260609007785,    0.385617293714959,
0.309086009491371,    0.287470635892881,    0.38561729371497,
0.0178260609007819,    0.30908600949137,    0.385617293714966,
0.00960895234835524,    0.272077441542799,    0.217347346263903,
0.500966259845028,    0.00960895234833777,    0.217347346263923,
0.272077441542766,    0.500966259844967,    0.21734734626392,
0.0788509969514413,    0.533327730920418,    0.16634216529448,
0.221479106833696,    0.0788509969514029,    0.16634216529448,
0.533327730920471,    0.221479106833624,    0.16634216529446,
0.780025722472745,    0.16038086409574,    0.0414431673398119,
0.01815024609171,    0.780025722472703,    0.0414431673398045,
0.160380864095821,    0.0181502460917112,    0.0414431673397764,
0.276668775818295,    0.102430878922965,    0.402000548240723,
0.218899797017987,    0.276668775818374,    0.402000548240724,
0.102430878922911,    0.218899797017973,    0.402000548240698,
0.0175623092363264,    0.48197145243094,    0.341432014866781,
0.159034223465929,    0.0175623092363335,    0.341432014866806,
0.481971452430908,    0.159034223465936,    0.341432014866819,
0.0122725481672794,    0.661983417474541,    0.173645669158286,
0.152098365199949,    0.012272548167264,    0.173645669158309,
0.661983417474465,    0.152098365199895,    0.173645669158358,
0.5438135338904,    0.0773186488433035,    0.196086175513052,
0.182781641753255,    0.543813533890327,    0.196086175513082,
0.0773186488433084,    0.182781641753172,    0.196086175513172,
0.0863975719064644,    0.779622092897011,    0.0721728979421853,
0.0618074372543111,    0.0863975719063821,    0.0721728979422067,
0.779622092897153,    0.0618074372542841,    0.072172897942132,
0.00891301236246717,    0.941281149352309,    0.0302368745109998,
0.0195689637742392,    0.00891301236248347,    0.0302368745110071,
0.941281149352236,    0.019568963774271,    0.0302368745110065,
0.0289043635248353,    0.173580235845092,    0.357082484218002,
0.440432916412,    0.0289043635248875,    0.357082484218023,
0.173580235845064,    0.440432916412081,    0.357082484217992,
0.0227008501117892,    0.0903518334035944,    0.865817656785225,
0.0211296596993916,    0.0227008501117925,    0.865817656785194,
0.0903518334034978,    0.02112965969938,    0.865817656785341,
0.0214883127020706,    0.445169479233205,    0.212734909199721,
0.320607298865048,    0.0214883127020671,    0.212734909199735,
0.445169479233177,    0.320607298865013,    0.212734909199736,
0.617486648324989,    0.0802385011622645,    0.0719578452270717,
0.230317005285725,    0.617486648324915,    0.0719578452270637,
0.0802385011623274,    0.230317005285633,    0.0719578452271305,
0.0945288121975532,    0.659637499955212,    0.0706560126462564,
0.175177675200956,    0.0945288121975157,    0.070656012646295,
0.659637499955318,    0.175177675200921,    0.0706560126462178,
0.691284914660533,    0.282093867541703,    0.00589668853655639,
0.0207245292612111,    0.691284914660524,    0.00589668853655088,
0.282093867541785,    0.020724529261209,    0.00589668853653679,
0.0175775419409822,    0.584552241935574,    0.0808011880664407,
0.317069028057005,    0.0175775419409739,    0.0808011880664321,
0.584552241935619,    0.317069028056945,    0.080801188066464,
0.358943001077193,    0.0966346181353642,    0.230580859444538,
0.313841521342927,    0.358943001077144,    0.230580859444564,
0.0966346181353584,    0.313841521342904,    0.230580859444533,
0.0890256669907117,    0.547115266351136,    0.0252548503950359,
0.3386042162631,    0.089025666990687,    0.0252548503950389,
0.547115266351173,    0.338604216263121,    0.0252548503950499,
0.349775871867066,    0.561185464162414,    0.0100132749524235,
0.0790253890181476,    0.349775871866966,    0.0100132749524376,
0.561185464162456,    0.0790253890181085,    0.0100132749524284,
0.0336131453302366,    0.878818746835956,    0.00841215865842369,
0.0791559491753922,    0.0336131453302445,    0.00841215865841511,
0.87881874683591,    0.0791559491754356,    0.00841215865838878,
0.0314518100476792,    0.810872665144813,    0.14652045906117,
0.0111550657463499,    0.0314518100476595,    0.146520459061148,
0.810872665144839,    0.0111550657463447,    0.146520459061166,
0.156191534162669,    0.703560141816559,    0.128232413502758,
0.012015910518012,    0.156191534162667,    0.128232413502748,
0.703560141816627,    0.0120159105180016,    0.128232413502744,
0.236242305861953,    0.532135976831517,    0.0306611166321087,
0.200960600674485,    0.236242305861898,    0.0306611166321185,
0.53213597683155,    0.200960600674406,    0.0306611166321387,
0.390929607439404,    0.122749062866959,    0.0875638865524712,
0.398757443141171,    0.390929607439354,    0.0875638865525012,
0.122749062866968,    0.398757443141132,    0.0875638865525006,
0.0776379207679785,    0.606895467300538,    0.305895247233166,
0.00957136469831838,    0.0776379207679861,    0.305895247233132,
0.606895467300527,    0.00957136469829902,    0.305895247233178,
0.164569131215242,    0.0354595140750025,    0.538551546842193,
0.261419807867527,    0.164569131215226,    0.538551546842231,
0.0354595140750056,    0.261419807867579,    0.5385515468422,
0.0654176689080235,    0.638474718983149,    0.220672862895764,
0.075434749213081,    0.0654176689079866,    0.220672862895759,
0.638474718983192,    0.0754347492130387,    0.22067286289572,
0.100319853633252,    0.243413562240788,    0.590605933231053,
0.0656606508949499,    0.100319853633265,    0.590605933231018,
0.243413562240951,    0.0656606508949012,    0.590605933230827,
0.0814557826085822,    0.884492068224788,    0.0254490039036401,
0.00860314526297599,    0.081455782608604,    0.025449003903626,
0.884492068224839,    0.00860314526296274,    0.0254490039036199,
0.505432376991336,    0.0265723408459754,    0.096901871563156,
0.371093410599567,    0.505432376991312,    0.0969018715631425,
0.0265723408459749,    0.371093410599533,    0.0969018715631303,
0.117142028395503,    0.0151571582474895,    0.737075571829331,
0.130625241527677,    0.117142028395487,    0.737075571829356,
0.015157158247513,    0.130625241527669,    0.737075571829337,
0.110849502299599,    0.4002127949623,    0.326319710535485,
0.162617992202608,    0.110849502299585,    0.326319710535487,
0.400212794962304,    0.16261799220257,    0.326319710535522,
0.0247742969059819,    0.446414699962637,    0.521328780953973,
0.00748222217739225,    0.0247742969059784,    0.521328780953992,
0.446414699962571,    0.00748222217740141,    0.521328780954065,
0.206922362630268,    0.441805588880389,    0.140434894083911,
0.210837154405425,    0.206922362630213,    0.140434894083957,
0.441805588880393,    0.210837154405392,    0.14043489408396,
0.00741446097725775,    0.268842851768175,    0.0282138124054504,
0.695528874849135,    0.00741446097723566,    0.0282138124054633,
0.268842851768176,    0.695528874849122,    0.028213812405462,
0.0271249110341806,    0.235908125275048,    0.714803025662879,
0.0221639380278989,    0.0271249110341817,    0.714803025662854,
0.235908125274959,    0.0221639380279052,    0.714803025662953,
0.00259416526518728,    0.341793074232021,    0.579768534585111,
0.0758442259176827,    0.00259416526521035,    0.579768534585075,
0.341793074232085,    0.0758442259176957,    0.579768534585002,
0.120828704769109,    0.70864310892357,    0.00291446664138591,
0.167613719665954,    0.120828704769109,    0.0029144666414104,
0.708643108923496,    0.167613719666,    0.00291446664135652,
0.00423850950551787,    0.660612504418027,    0.3059064193537,
0.0292425667227536,    0.00423850950552486,    0.305906419353717,
0.660612504417956,    0.0292425667227547,    0.305906419353755,
0.137450394796745,    0.300649769447687,    0.560869397778206,
0.00103043797737708,    0.137450394796727,    0.56086939777825,
0.300649769447711,    0.00103043797733856,    0.560869397778215,
0.0951170007290064,    0.0951170007288928,    0.714648997813214,
0.0103451072565228,    0.0103451072565871,    0.968964678230291,
0.309555018343096,    0.309555018343051,    0.0713349449707514,
0.16686328704156,    0.166863287041671,    0.499410138875189,
0.250558886939549,    0.250558886939582,    0.248323339181307,

// The abscissas of order 14 rule (177 points):

0.0716238048007972,    0.21536932251428,    0.0661407842999459,
0.646866088384849,    0.0716238048001564,    0.0661407842993249,
0.215369322515079,    0.646866088384544,    0.0661407842992802,
0.240326325974372,    0.0840031187301689,    0.10503653090557,
0.570634024389719,    0.240326325971861,    0.105036530908253,
0.0840031187298655,    0.570634024389941,    0.105036530907377,
0.01455537626308,    0.722007497840839,    0.243111580834535,
0.0203255450614076,    0.0145553762634443,    0.243111580835629,
0.722007497840107,    0.0203255450614587,    0.243111580835371,
0.012529059808041,    0.54975956322041,    0.121940646122286,
0.315770730850069,    0.0125290598081036,    0.121940646121559,
0.549759563218567,    0.315770730851296,    0.121940646122027,
0.384562096865036,    0.517513525717231,    0.0129463331518484,
0.0849780442656663,    0.384562096864772,    0.0129463331518913,
0.517513525717932,    0.0849780442659304,    0.0129463331516059,
0.358544527163581,    0.167752470281799,    0.346556326285293,
0.127146676269758,    0.358544527164529,    0.346556326284038,
0.167752470283245,    0.127146676269092,    0.3465563262838,
0.224732675518662,    0.653388018866312,    0.0169926270656682,
0.104886678548849,    0.224732675518587,    0.0169926270659983,
0.653388018866976,    0.10488667854954,    0.0169926270658286,
0.0892356846875985,    0.306404774778961,    0.0928171540005135,
0.511542386532908,    0.0892356846886177,    0.0928171539998075,
0.306404774778727,    0.511542386532586,    0.0928171540004168,
0.00729435538130421,    0.540479768065727,    0.245376315222932,
0.206849561330101,    0.00729435538155165,    0.245376315221688,
0.540479768065415,    0.20684956133125,    0.24537631522196,
0.0973720336353292,    0.308984692817387,    0.492908872135997,
0.100734401412185,    0.0973720336363444,    0.492908872132837,
0.308984692817731,    0.100734401410623,    0.492908872136955,
0.399013906227181,    0.0092473636178325,    0.582903743612111,
0.00883498654301952,    0.399013906225403,    0.58290374361367,
0.00924736361820397,    0.00883498654308647,    0.582903743616869,
0.0215208255345609,    0.583278015992227,    0.379120808460464,
0.0160803500126916,    0.0215208255345079,    0.379120808464382,
0.583278015993719,    0.0160803500131377,    0.379120808458791,
0.0688331739588598,    0.898965060538575,    0.0144676216404636,
0.0177341438621546,    0.0688331739583353,    0.0144676216406485,
0.898965060538664,    0.0177341438623078,    0.0144676216402168,
0.0027476239716157,    0.384645703607397,    0.276455708804184,
0.336150963616514,    0.00274762397135518,    0.276455708803799,
0.384645703604847,    0.336150963618088,    0.27645570880599,
0.530397783966068,    0.227356386877528,    0.00856896690510554,
0.233676862250729,    0.530397783966474,    0.00856896690513554,
0.227356386876841,    0.233676862250474,    0.00856896690519617,
0.473082394578608,    0.376181813691294,    0.0723615512045186,
0.0783742405257317,    0.473082394578429,    0.0723615512046558,
0.376181813693192,    0.0783742405253043,    0.0723615512049001,
0.552218210434529,    0.350859996445968,    0.00493132522606719,
0.0919904678936557,    0.552218210434273,    0.00493132522642727,
0.350859996445082,    0.0919904678930438,    0.00493132522695207,
0.661298203678224,    0.0134111646469711,    0.0960128293407927,
0.229277802333868,    0.661298203678323,    0.0960128293406574,
0.0134111646470756,    0.229277802334997,    0.0960128293404186,
0.0222896364443385,    0.834383890577588,    0.124280339121779,
0.0190461338562967,    0.0222896364443877,    0.124280339120884,
0.83438389057594,    0.019046133856306,    0.124280339123369,
0.0076675079395351,    0.261259669495948,    0.430441339819085,
0.300631482744546,    0.00766750793968275,    0.430441339819725,
0.261259669495217,    0.300631482744768,    0.430441339820285,
0.216006544345622,    0.0623040467790808,    0.214511628108885,
0.507177780764677,    0.216006544346219,    0.214511628110329,
0.0623040467788092,    0.507177780765179,    0.214511628109916,
0.394299156898155,    0.473925854915257,    0.114533594128679,
0.0172413940579185,    0.394299156900111,    0.114533594128509,
0.473925854914619,    0.0172413940579387,    0.114533594128916,
0.0188309925640213,    0.079687330561578,    0.881916327466509,
0.019565349407686,    0.018830992563699,    0.881916327468806,
0.0796873305625426,    0.0195653494079891,    0.881916327465425,
0.0197499513461521,    0.098577040799585,    0.0758618120329567,
0.805811195822628,    0.0197499513461392,    0.0758618120323107,
0.0985770407990897,    0.805811195821979,    0.0758618120327289,
0.0195229126276659,    0.770990022926281,    0.0101562087925884,
0.199330855653668,    0.0195229126276985,    0.0101562087926594,
0.77099002292622,    0.199330855653424,    0.0101562087927047,
0.178343490613546,    0.452648871995361,    0.21415536427039,
0.15485227311972,    0.178343490613104,    0.21415536427179,
0.452648871994808,    0.154852273120587,    0.214155364270965,
0.0460496575093692,    0.0407593267408239,    0.516322768208848,
0.396868247541765,    0.0460496575090221,    0.516322768209083,
0.0407593267406208,    0.39686824754113,    0.516322768209267,
0.0541112613089666,    0.2056632530542,    0.206114517270472,
0.534110968365748,    0.0541112613092879,    0.206114517269766,
0.205663253054063,    0.534110968366231,    0.206114517270704,
0.650210097913948,    0.223533146236679,    0.0264215941749921,
0.0998351616742984,    0.650210097915271,    0.026421594174907,
0.223533146235424,    0.0998351616745544,    0.0264215941747992,
0.0771453147297705,    0.071365091252099,    0.658252879686536,
0.193236714328254,    0.0771453147294131,    0.658252879690726,
0.0713650912511827,    0.193236714329183,    0.65825287968999,
0.0194067506859661,    0.7061532545902,    0.0754366247922551,
0.199003369931178,    0.0194067506859868,    0.0754366247922416,
0.706153254589724,    0.199003369931599,    0.0754366247926758,
0.0940950006430409,    0.787767898624377,    0.0193107884933718,
0.0988263122394027,    0.0940950006428948,    0.0193107884933748,
0.787767898624153,    0.0988263122397103,    0.0193107884933742,
0.203923191200666,    0.761555055760951,    0.0144005374203604,
0.0201212156180305,    0.203923191200236,    0.0144005374203022,
0.76155505576108,    0.0201212156180453,    0.0144005374202973,
0.0463757776170111,    0.350261451517994,    0.241238715357575,
0.362124055506635,    0.0463757776170433,    0.241238715357848,
0.35026145151815,    0.362124055507801,    0.241238715357409,
0.0383054671100452,    0.161004565613499,    0.38636881567317,
0.414321151603789,    0.0383054671097919,    0.38636881567304,
0.161004565613873,    0.414321151602714,    0.386368815673321,
0.285151067515758,    0.0970412542592,    0.363985089583656,
0.25382258864259,    0.285151067515384,    0.363985089582452,
0.0970412542593522,    0.253822588642379,    0.363985089583363,
0.101440509622378,    0.01877419874738,    0.184304953149283,
0.695480338480568,    0.101440509622356,    0.184304953149556,
0.0187741987475053,    0.695480338480578,    0.184304953149368,
0.675694927668797,    0.0182320377168822,    0.210284481894713,
0.095788552719089,    0.675694927669442,    0.21028448189463,
0.0182320377167812,    0.0957885527196004,    0.21028448189458,
0.293548850577753,    0.00820980056996957,    0.600621351466888,
0.0976199973853833,    0.293548850577034,    0.600621351467699,
0.0082098005699678,    0.0976199973850211,    0.600621351466928,
0.503544547262571,    0.207677080283025,    0.079081518682363,
0.209696853771787,    0.503544547262585,    0.079081518682243,
0.207677080282593,    0.209696853771923,    0.0790815186829546,
0.382300946491867,    0.578344735427168,    0.0225554241212269,
0.0167988939596846,    0.382300946491731,    0.0225554241211663,
0.578344735427275,    0.0167988939597069,    0.0225554241212667,
0.0193223727481763,    0.847905447599425,    0.0563838544470134,
0.0763883252052793,    0.0193223727481832,    0.0563838544473551,
0.847905447600313,    0.0763883252049607,    0.0563838544466197,
0.111455158338513,    0.11548607976973,    0.762756409274305,
0.0103023526168254,    0.111455158338697,    0.762756409274348,
0.115486079770071,    0.0103023526170701,    0.762756409274021,
0.17754788331361,    0.0294603567291927,    0.403024150799614,
0.389967609156404,    0.177547883314335,    0.403024150800095,
0.0294603567291844,    0.389967609156757,    0.403024150800324,
0.0382221895288287,    0.195522193757886,    0.562855207221547,
0.203400409491504,    0.0382221895291047,    0.562855207221458,
0.195522193757697,    0.2034004094916,    0.562855207221453,
0.0174828789609679,    0.580195762401336,    0.0230457271156523,
0.379275631522244,    0.0174828789608984,    0.0230457271156303,
0.580195762401411,    0.379275631522015,    0.0230457271156327,
0.00411013141124851,    0.0912071842858757,    0.398990492863493,
0.505692191439168,    0.00411013141151738,    0.398990492865036,
0.0912071842855746,    0.505692191438336,    0.398990492864471,
0.952659191058426,    0.00478884476429824,    0.0332996103306337,
0.00925235384642662,    0.952659191059027,    0.0332996103302412,
0.00478884476393089,    0.00925235384606444,    0.0332996103300428,
0.391993350183891,    0.385980189187548,    0.0306082825276456,
0.191418178100784,    0.391993350183357,    0.0306082825277234,
0.385980189186922,    0.191418178100992,    0.0306082825276407,
0.0679470990326355,    0.547935626185202,    0.303613592364941,
0.0805036824168603,    0.0679470990322548,    0.303613592365006,
0.547935626184952,    0.0805036824174767,    0.303613592364535,
0.332296083385487,    0.153806036080323,    0.164432709777014,
0.349465170756816,    0.332296083385749,    0.164432709777204,
0.153806036080343,    0.34946517075658,    0.164432709777114,
0.101517159170244,    0.680146917763508,    0.116272488104425,
0.102063434961844,    0.101517159169978,    0.11627248810455,
0.680146917763664,    0.102063434961655,    0.11627248810427,
0.104034774509157,    0.00560141769488315,    0.602941331965744,
0.287422475829685,    0.104034774509461,    0.602941331966148,
0.00560141769466373,    0.287422475830375,    0.602941331965925,
0.212942537145956,    0.0220692941586694,    0.743707421056965,
0.0212807476383707,    0.212942537144676,    0.743707421058246,
0.0220692941588894,    0.0212807476385624,    0.743707421060142,
0.0132755319408292,    0.923299965157475,    0.00201005864911611,
0.0614144442527852,    0.0132755319407076,    0.00201005864980993,
0.923299965158544,    0.0614144442524977,    0.00201005864838739,
0.0840088766143168,    0.00323980932956962,    0.386296150270937,
0.526455163784271,    0.0840088766149804,    0.38629615027056,
0.00323980932993693,    0.526455163784847,    0.386296150271221,
0.234940612488403,    0.51564396354686,    0.247491278386732,
0.00192414557825686,    0.234940612489976,    0.24749127838584,
0.515643963545392,    0.00192414557823027,    0.247491278387476,
0.302918119329376,    0.302918119329301,    0.0912456420123426,
0.0068577036814608,    0.00685770368096013,    0.979426888957841,
0.165887520255045,    0.165887520255092,    0.502337439235168,
0.0778159231681738,    0.077815923168826,    0.766552230491879,
0.33172395261399,    0.331723952615002,    0.00482814215598713,
0.24322103194167,    0.243221031941515,    0.270336904174709,

// The abscissas of order 15 rule (214 points):

0.267805847317026,    0.402153395912455,    0.320387028932336,
0.00965372783817753,    0.267805847317044,    0.320387028932319,
0.402153395912491,    0.00965372783817805,    0.320387028932303,
0.267326785868425,    0.477411856648227,    0.162728234374927,
0.0925331231083884,    0.267326785868413,    0.162728234374953,
0.477411856648248,    0.0925331231084193,    0.162728234374932,
0.255795941906351,    0.208457799408109,    0.0113344782305251,
0.52441178045503,    0.255795941906343,    0.0113344782305276,
0.208457799408117,    0.524411780455004,    0.0113344782305239,
0.0731393403677088,    0.154374253798279,    0.704703873882069,
0.0677825319519276,    0.0731393403677067,    0.704703873882079,
0.15437425379826,    0.067782531951944,    0.704703873882076,
0.0476594460606897,    0.0151184354245822,    0.0750995589695265,
0.862122559545204,    0.0476594460606902,    0.075099558969524,
0.015118435424583,    0.862122559545201,    0.075099558969532,
0.235285750794224,    0.74269158348725,    0.0116727591178494,
0.0103499066006745,    0.235285750794233,    0.0116727591178433,
0.742691583487255,    0.0103499066006715,    0.0116727591178464,
0.00882912276839025,    0.0718595893919928,    0.363125126637097,
0.556186161202529,    0.00882912276839646,    0.363125126637092,
0.0718595893919789,    0.556186161202537,    0.363125126637095,
0.0484857732603446,    0.273898899050255,    0.605341640005943,
0.0722736876834418,    0.0484857732603445,    0.605341640005955,
0.273898899050245,    0.0722736876834459,    0.60534164000596,
0.451058467949059,    0.0136722640125435,    0.0102920818969312,
0.524977186141473,    0.451058467949049,    0.0102920818969337,
0.0136722640125399,    0.52497718614148,    0.0102920818969294,
0.00940743474102825,    0.185669571420531,    0.498715106027506,
0.306207887810909,    0.00940743474103238,    0.49871510602753,
0.185669571420528,    0.306207887810928,    0.498715106027515,
0.00909794171229088,    0.371858381761708,    0.605704636558363,
0.0133390399676399,    0.00909794171229433,    0.605704636558364,
0.3718583817617,    0.0133390399676394,    0.605704636558374,
0.0290441392868166,    0.00884804648943732,    0.937266061300961,
0.0248417529227802,    0.0290441392868121,    0.937266061300955,
0.00884804648943315,    0.0248417529227844,    0.937266061300961,
0.0148809324152256,    0.770601840442029,    0.145750781988841,
0.0687664451539021,    0.0148809324152253,    0.145750781988846,
0.770601840442021,    0.0687664451539044,    0.145750781988849,
0.0688293887795721,    0.666734932699802,    0.232066567804036,
0.0323691107165825,    0.0688293887795737,    0.232066567804036,
0.666734932699818,    0.032369110716585,    0.23206656780404,
0.343030573977829,    0.0910900179584052,    0.235433868754166,
0.330445539309592,    0.343030573977809,    0.235433868754169,
0.0910900179584174,    0.330445539309608,    0.235433868754155,
0.382826132321645,    0.225555068788837,    0.0126442918856654,
0.378974507003853,    0.382826132321636,    0.012644291885666,
0.225555068788825,    0.378974507003849,    0.0126442918856679,
0.333784772736308,    0.175288263255126,    0.15365688986232,
0.337270074146264,    0.333784772736311,    0.1536568898623,
0.175288263255117,    0.337270074146239,    0.1536568898623,
0.423660805665255,    0.0160230796339643,    0.189701660181996,
0.370614454518775,    0.42366080566525,    0.18970166018201,
0.0160230796339624,    0.370614454518771,    0.189701660182,
0.128608112153654,    0.302386926524839,    0.506936134632715,
0.0620688266887797,    0.12860811215365,    0.506936134632725,
0.302386926524842,    0.0620688266887944,    0.506936134632728,
0.0137104510586181,    0.451820102412816,    0.354024102363695,
0.180445344164867,    0.0137104510586193,    0.354024102363681,
0.451820102412822,    0.180445344164869,    0.354024102363693,
0.109575547548148,    0.0127714803610068,    0.863012752765893,
0.0146402193249516,    0.109575547548146,    0.863012752765899,
0.0127714803610069,    0.0146402193249543,    0.863012752765899,
0.298238620313726,    0.0241862526630114,    0.328276689484856,
0.349298437538428,    0.298238620313713,    0.328276689484843,
0.0241862526630168,    0.349298437538417,    0.328276689484834,
0.172551366066798,    0.343066772448071,    0.291028042550599,
0.193353818934539,    0.172551366066847,    0.291028042550647,
0.343066772448103,    0.193353818934486,    0.291028042550592,
0.452269887306733,    0.0219855041555484,    0.365652845101929,
0.160091763435773,    0.452269887306771,    0.365652845101903,
0.0219855041555533,    0.160091763435806,    0.365652845101891,
0.195597672240866,    0.0161066476285062,    0.504888949609758,
0.283406730520856,    0.19559767224087,    0.504888949609769,
0.0161066476285064,    0.283406730520853,    0.504888949609762,
0.172112737761709,    0.473859783075318,    0.162468866833266,
0.191558612329691,    0.172112737761722,    0.162468866833286,
0.47385978307533,    0.191558612329699,    0.162468866833269,
0.0113254032838463,    0.608123092139794,    0.296091788088397,
0.0844597164879614,    0.0113254032838497,    0.296091788088401,
0.608123092139788,    0.0844597164879628,    0.2960917880884,
0.083645286104761,    0.172764400522924,    0.28369432202267,
0.459895991349659,    0.0836452861047331,    0.283694322022679,
0.17276440052292,    0.45989599134965,    0.28369432202267,
0.146884718449437,    0.649951635549552,    0.0182999648331872,
0.184863681167814,    0.146884718449427,    0.0182999648331872,
0.649951635549572,    0.184863681167803,    0.0182999648331872,
0.016510934311897,    0.741516029707964,    0.228212657161731,
0.0137603788184071,    0.0165109343118983,    0.228212657161741,
0.741516029707968,    0.0137603788184043,    0.228212657161732,
0.642534016257412,    0.149498332264701,    0.177734249077034,
0.0302334024008537,    0.642534016257424,    0.17773424907704,
0.149498332264693,    0.0302334024008515,    0.17773424907704,
0.0493519007432764,    0.486998239792346,    0.149725236712158,
0.31392462275222,    0.0493519007432854,    0.149725236712157,
0.486998239792331,    0.313924622752226,    0.149725236712162,
0.0862424016770104,    0.328874443626288,    0.432331128508379,
0.152552026188312,    0.0862424016770116,    0.432331128508386,
0.328874443626274,    0.152552026188339,    0.432331128508377,
0.0135684748258194,    0.559647144007178,    0.409015522247993,
0.0177688589190095,    0.0135684748258198,    0.409015522247997,
0.559647144007177,    0.0177688589190101,    0.409015522247994,
0.289852700316415,    0.0851402862219276,    0.38910094543047,
0.235906068031189,    0.289852700316442,    0.389100945430451,
0.0851402862219273,    0.23590606803119,    0.38910094543046,
0.194821777558372,    0.632408604110489,    0.0797649834727109,
0.0930046348584222,    0.194821777558361,    0.079764983472728,
0.632408604110494,    0.0930046348584268,    0.0797649834727115,
0.195894463180211,    0.716898888020733,    0.0158635157491921,
0.0713431330498588,    0.19589446318021,    0.0158635157491958,
0.716898888020737,    0.0713431330498538,    0.0158635157491915,
0.0122514981411779,    0.85813195995647,    0.0188057482031822,
0.11081079369917,    0.0122514981411757,    0.018805748203181,
0.858131959956473,    0.110810793699169,    0.0188057482031804,
0.0134395201221561,    0.720864489405751,    0.0767176683216291,
0.188978322150464,    0.0134395201221535,    0.0767176683216285,
0.720864489405759,    0.18897832215046,    0.0767176683216255,
0.0787740768184683,    0.0187195076655648,    0.817464709540278,
0.0850417059756909,    0.078774076818469,    0.817464709540276,
0.0187195076655652,    0.0850417059756929,    0.817464709540278,
0.00783983320806738,    0.100724525378687,    0.681257697378422,
0.21017794403482,    0.00783983320807366,    0.68125769737842,
0.100724525378693,    0.210177944034819,    0.681257697378414,
0.0149909317108765,    0.403176507978449,    0.502106631164005,
0.0797259291466703,    0.0149909317108774,    0.502106631164002,
0.403176507978447,    0.0797259291466685,    0.502106631164005,
0.0698898746008777,    0.479624556176078,    0.257293140079446,
0.193192429143604,    0.0698898746008939,    0.257293140079458,
0.479624556176067,    0.193192429143603,    0.257293140079451,
0.22389067731113,    0.561348432347315,    0.189835104483064,
0.0249257858584865,    0.223890677311116,    0.189835104483061,
0.561348432347325,    0.0249257858584885,    0.189835104483052,
0.108352902538992,    0.629185887095386,    0.17589822412858,
0.086562986237041,    0.108352902538975,    0.175898224128594,
0.629185887095383,    0.0865629862370392,    0.175898224128595,
0.140296415952602,    0.449849274559982,    0.068105587551874,
0.341748721935546,    0.140296415952606,    0.068105587551874,
0.449849274559965,    0.341748721935556,    0.0681055875518764,
0.16525047454901,    0.0509087234595362,    0.606894649086132,
0.176946152905315,    0.165250474549021,    0.60689464908612,
0.0509087234595319,    0.176946152905303,    0.606894649086141,
0.26055902569048,    0.481985201364133,    0.0651935573644127,
0.192262215580967,    0.260559025690468,    0.0651935573644145,
0.481985201364128,    0.19226221558098,    0.0651935573644163,
0.112643597753789,    0.331408497762104,    0.0134868064234794,
0.542461098060611,    0.112643597753794,    0.0134868064234806,
0.331408497762118,    0.542461098060611,    0.01348680642348,
0.7059180690514,    0.22896225807556,    0.0170323187293365,
0.0480873541437019,    0.705918069051398,    0.0170323187293371,
0.228962258075567,    0.0480873541436898,    0.0170323187293371,
0.0158826143750248,    0.0651912939675188,    0.532580403618771,
0.386345688038688,    0.0158826143750232,    0.532580403618781,
0.0651912939675148,    0.386345688038682,    0.532580403618777,
0.0915568727490534,    0.610756489884835,    0.0868292128362023,
0.21085742452991,    0.0915568727490544,    0.0868292128362066,
0.610756489884832,    0.210857424529914,    0.0868292128361999,
0.376653215624741,    0.0810520623738858,    0.0151894508664419,
0.527105271134929,    0.376653215624739,    0.0151894508664425,
0.0810520623738842,    0.527105271134923,    0.0151894508664419,
0.215420862140539,    0.688797160634863,    0.077944120559422,
0.0178378566651732,    0.21542086214055,    0.0779441205594128,
0.688797160634867,    0.0178378566651758,    0.0779441205594171,
0.0670060501118295,    0.495650718185935,    0.362874044201664,
0.0744691875005655,    0.0670060501118349,    0.362874044201665,
0.49565071818592,    0.0744691875005779,    0.362874044201664,
0.0215355664446811,    0.222146433641716,    0.736831906669808,
0.0194860932437939,    0.0215355664446781,    0.73683190666982,
0.222146433641712,    0.0194860932437949,    0.736831906669812,
0.0894662874536291,    0.783190190804705,    0.109398094390016,
0.0179454273516508,    0.0894662874536357,    0.109398094390016,
0.783190190804698,    0.0179454273516488,    0.109398094390021,
0.586686678533797,    0.0241059655532888,    0.0192045879174373,
0.370002767995478,    0.5866866785338,    0.0192045879174361,
0.0241059655532883,    0.370002767995487,    0.019204587917438,
0.494791505465874,    0.0586261448900714,    0.0797762381765806,
0.366806111467477,    0.494791505465885,    0.0797762381765776,
0.0586261448900775,    0.366806111467468,    0.0797762381765806,
0.0739439684097597,    0.775446737784912,    0.0608872016505132,
0.0897220921548167,    0.0739439684097538,    0.0608872016505138,
0.77544673778491,    0.0897220921548126,    0.0608872016505193,
0.0199121066091268,    0.943379208507337,    0.0160859786513149,
0.0206227062322205,    0.0199121066091265,    0.0160859786513155,
0.943379208507339,    0.0206227062322205,    0.0160859786513137,
0.0745911424654965,    0.827877848865186,    0.00411031172598637,
0.0934206969433273,    0.0745911424654926,    0.00411031172598575,
0.827877848865184,    0.0934206969433279,    0.00411031172598943,
0.0190977327148691,    0.560793513977681,    0.0634892906576508,
0.356619462649796,    0.0190977327148681,    0.0634892906576539,
0.560793513977684,    0.35661946264979,    0.0634892906576576,
0.635837625185532,    0.00192202346444375,    0.226082229966677,
0.13615812138335,    0.635837625185554,    0.226082229966662,
0.00192202346443368,    0.136158121383348,    0.226082229966665,
0.86030781907455,    0.0172018730067492,    0.0218233687948386,
0.100666939123863,    0.860307819074551,    0.0218233687948373,
0.0172018730067485,    0.100666939123864,    0.0218233687948379,
0.00316346535220155,    0.019416855254406,    0.0922534713374789,
0.885166208055921,    0.00316346535220327,    0.0922534713374703,
0.0194168552544043,    0.885166208055927,    0.0922534713374722,
0.709847918239123,    0.279251760813055,    0.00782663616837444,
0.00307368477944679,    0.709847918239126,    0.00782663616837444,
0.279251760813076,    0.00307368477943661,    0.00782663616836954,
0.00300915267100105,    0.213749749548486,    0.688367350645103,
0.0948737471354112,    0.00300915267100166,    0.688367350645104,
0.213749749548485,    0.0948737471354106,    0.688367350645095,
0.541644794758494,    0.263214069283374,    0.19400964245214,
0.00113149350599208,    0.541644794758496,    0.19400964245214,
0.263214069283379,    0.0011314935059996,    0.19400964245214,
0.528723493573472,    1.42801265834801e-06,    0.0883575261899216,
0.38291755222395,    0.52872349357347,    0.0883575261899277,
1.42801266313266e-06,    0.382917552223954,    0.0883575261899241,
0.311317746110987,    0.311317746110995,    0.066046761667013,
0.162728432016166,    0.162728432016174,    0.511814703951478,
0.220307180915861,    0.220307180915872,    0.339078457252562,
0.271898409127019,    0.27189840912706,    0.184304772618955

