// The weights of order 1 rule (1 point(s)):

1.666666666666667e-01,

// The weights of order 2 rule (4 point(s)):

5.008682322282940e-02,
4.646292944776129e-02,
5.318232258357912e-02,
1.693459141249679e-02,

// The weights of order 3 rule (6 point(s)):

2.209467119074082e-02,
3.740252781959290e-02,
2.134440211845778e-02,
4.200066346825048e-02,
2.343740161006718e-02,
2.038700045955752e-02,

// The weights of order 4 rule (11 point(s)):

1.774467235924836e-02,
1.837237207141623e-02,
2.582935266937442e-02,
3.223513534160568e-02,
1.269378587425973e-02,
1.323778001133755e-02,
1.157832765627257e-02,
9.988864191093251e-03,
9.232299811929399e-03,
9.212228192656145e-03,
6.541848487473331e-03,

// The weights of order 5 rule (14 point(s)):

1.224884051939367e-02,
7.091003462846908e-03,
7.091003462846908e-03,
7.091003462846926e-03,
1.878132095300260e-02,
1.878132095300260e-02,
1.878132095300260e-02,
1.878132095300260e-02,
1.224884051939365e-02,
1.224884051939367e-02,
1.224884051939365e-02,
7.091003462846908e-03,
7.091003462846908e-03,
7.091003462846908e-03,

// The weights of order 6 rule (23 point(s)):

1.182632475276589e-03,
5.251568313784399e-03,
4.038547812907387e-03,
8.148345983740359e-03,
8.838887318028234e-03,
7.206549449245560e-03,
1.118930270209283e-02,
9.970224610238191e-03,
1.043574588021855e-02,
1.072233699551458e-02,
7.265066343438194e-03,
3.760944546357145e-03,
7.768855687763450e-03,
1.876656741567795e-02,
8.989168438051997e-03,
8.294771681919047e-03,
1.051106031425341e-02,
7.858005078710203e-03,
4.250720711173734e-03,
6.619016274847042e-03,
2.654246530833962e-03,
1.737222620615990e-03,
1.206879481977829e-03,

// The weights of order 7 rule (31 point(s)):

1.284696860333416e-03,
2.000632031369973e-03,
3.869468221310374e-03,
3.735227565898553e-03,
3.881831159553298e-03,
4.554985719607750e-03,
4.799380599205764e-03,
7.165193660663453e-03,
8.796944275592291e-03,
6.973088601266737e-03,
3.452013693960476e-03,
1.005025259853496e-02,
1.111853452762198e-02,
5.235187909249951e-03,
4.718797935322103e-03,
1.112324823681346e-02,
1.069813982257666e-02,
1.372302813009499e-02,
3.478784193631700e-03,
4.093738314328882e-03,
3.724778580430701e-03,
3.696719862535302e-03,
6.155968185239757e-03,
2.783666843940809e-03,
5.632644217125172e-03,
4.676863052322177e-03,
3.515460973646426e-03,
3.431724772046764e-03,
3.200468632696472e-03,
3.009512914026306e-03,
2.085684575720108e-03,

// The weights of order 8 rule (44 point(s)):

2.908639225509423e-04,
2.510628247517187e-03,
1.646086132481121e-03,
1.688153541791437e-03,
2.935422697522247e-03,
2.602731533963440e-03,
2.998148316309993e-03,
2.754894466758719e-03,
3.750760994670186e-03,
2.133230562103271e-03,
4.542489322412181e-03,
5.382166773474393e-03,
4.697614316667839e-03,
4.026390654635602e-03,
5.373542223987904e-03,
6.091681784605511e-03,
6.927915069245573e-03,
6.510451658158445e-03,
4.189847678431446e-03,
8.810488117670841e-03,
5.454545792256915e-03,
9.298747966287915e-03,
8.892300407975904e-03,
4.519589747580936e-03,
6.683134190221678e-03,
8.629937323168075e-03,
3.790620105750613e-03,
2.453317862571209e-03,
1.149571386062610e-03,
2.829204876335795e-03,
2.898200427085246e-03,
3.759873125583728e-03,
3.916487256448846e-03,
3.357785141131573e-03,
3.424172724093782e-03,
2.983133967882150e-03,
1.253525058643469e-03,
3.654083101086932e-03,
2.289295426380907e-03,
2.564740902068481e-03,
1.977570116178874e-03,
4.244834198904961e-04,
3.465140945031469e-04,
2.523242325191771e-04,

// The weights of order 9 rule (57 point(s)):

9.750266138313083e-04,
1.182281355818436e-03,
1.184296682706247e-03,
1.199964370174361e-03,
1.960422756541085e-03,
2.095484520412315e-03,
1.313356829704152e-03,
1.637560184133701e-03,
1.629900429024986e-03,
2.377741014223797e-03,
2.482591391785393e-03,
1.937492188901688e-03,
2.214375065161272e-03,
2.519796498600756e-03,
2.619562878906956e-03,
1.366383380621510e-03,
4.380082113958094e-03,
3.314801767761803e-03,
4.395931402994283e-03,
5.439951471336872e-03,
4.215437802807638e-03,
4.232085234391217e-03,
5.870060438901917e-03,
6.979224618881529e-03,
5.307550768351461e-03,
4.687869774289424e-03,
6.370180985658901e-03,
4.275313663630231e-03,
5.879894123846900e-03,
8.183687426958105e-03,
7.535230513202572e-03,
3.834914870295056e-03,
5.952755449705824e-03,
2.745898463014630e-03,
5.520179070379666e-03,
3.730118502877724e-03,
7.162016044045416e-04,
2.164588522968254e-03,
3.559049951653050e-03,
2.162543037223976e-03,
1.174462115726252e-03,
1.718580977267060e-03,
2.279539234758832e-03,
2.563955465818873e-03,
1.190006619366604e-03,
1.171941882444347e-03,
2.180978257180042e-03,
2.212319341124888e-03,
1.527532399215677e-03,
1.524428447483085e-03,
9.077771144629982e-04,
2.205183817607958e-03,
1.100190092573181e-03,
1.382705960475031e-03,
1.336868422542667e-03,
1.123566736937569e-03,
9.168420416400244e-04,

// The weights of order 10 rule (74 point(s)):

3.445098889335024e-03,
3.445098889342077e-03,
3.445098889341511e-03,
2.064660777661678e-03,
2.064660777662244e-03,
2.064660777657842e-03,
1.103390983748028e-03,
1.103390983748755e-03,
1.103390983747505e-03,
1.023192373307521e-03,
1.023192373307961e-03,
1.023192373304247e-03,
4.234512641860648e-03,
4.234512641859516e-03,
4.234512641858650e-03,
2.094685984375275e-03,
2.094685984373118e-03,
2.094685984369901e-03,
1.164160167499591e-03,
1.164160167500397e-03,
1.164160167500606e-03,
2.191419694440671e-03,
2.191419694439434e-03,
2.191419694439080e-03,
2.284450780289794e-03,
2.284450780289193e-03,
2.284450780288398e-03,
1.522996656033315e-03,
1.522996656034061e-03,
1.522996656034906e-03,
4.471157472950423e-03,
4.471157472951483e-03,
4.471157472952014e-03,
1.873698558484432e-03,
1.873698558482346e-03,
1.873698558483601e-03,
4.682093742486141e-03,
4.682093742490225e-03,
4.682093742491073e-03,
2.083913166716668e-03,
2.083913166714157e-03,
2.083913166715289e-03,
4.553883199161186e-03,
4.553883199161752e-03,
4.553883199163378e-03,
1.969493864818553e-03,
1.969493864825324e-03,
1.969493864819967e-03,
1.191461909107789e-03,
1.191461909106610e-03,
1.191461909106978e-03,
2.777404909179492e-03,
2.777404909175532e-03,
2.777404909176186e-03,
1.695831015223940e-03,
1.695831015225121e-03,
1.695831015224266e-03,
1.898703097503798e-03,
1.898703097503020e-03,
1.898703097504045e-03,
1.368674554135069e-03,
1.368674554136909e-03,
1.368674554137220e-03,
1.316831857909545e-04,
1.316831857919753e-04,
1.316831857927754e-04,
2.820943065259755e-04,
2.820943065245259e-04,
2.820943065241141e-04,
7.763086997403197e-03,
6.365271938318006e-05,
1.959184315344774e-03,
4.651927948037360e-03,
1.902828894582960e-03,

// The weights of order 11 rule (95 point(s)):

1.062154217225620e-03,
1.062154217226520e-03,
1.062154217228549e-03,
2.439215783970499e-04,
2.439215783977977e-04,
2.439215783870815e-04,
1.627498590498200e-03,
1.627498590505936e-03,
1.627498590493998e-03,
1.169759804374088e-03,
1.169759804371768e-03,
1.169759804371118e-03,
3.281967182110181e-03,
3.281967182103746e-03,
3.281967182129803e-03,
5.279920426308863e-04,
5.279920426308739e-04,
5.279920426343423e-04,
1.949632639022099e-03,
1.949632639030708e-03,
1.949632639048456e-03,
1.873707212985828e-03,
1.873707212984997e-03,
1.873707212991326e-03,
7.232685232705274e-04,
7.232685232691291e-04,
7.232685232867025e-04,
2.071504124724805e-03,
2.071504124725335e-03,
2.071504124722984e-03,
4.426544798853676e-04,
4.426544798888784e-04,
4.426544798871177e-04,
2.149806605781453e-03,
2.149806605780658e-03,
2.149806605784688e-03,
1.384148614025975e-03,
1.384148614025619e-03,
1.384148614030435e-03,
8.570829478892291e-04,
8.570829478907706e-04,
8.570829479115878e-04,
1.055662996989174e-03,
1.055662996989903e-03,
1.055662996966566e-03,
4.597380383431186e-03,
4.597380383432087e-03,
4.597380383433342e-03,
3.341725238215786e-03,
3.341725238208397e-03,
3.341725238210183e-03,
3.608187120210300e-03,
3.608187120208656e-03,
3.608187120216310e-03,
2.892887715359874e-03,
2.892887715348578e-03,
2.892887715353864e-03,
1.012868128252092e-03,
1.012868128252404e-03,
1.012868128248971e-03,
2.901805658677704e-03,
2.901805658680232e-03,
2.901805658674080e-03,
2.534099225832319e-03,
2.534099225833398e-03,
2.534099225831789e-03,
1.200294073502639e-03,
1.200294073497820e-03,
1.200294073497661e-03,
2.597120471219275e-03,
2.597120471214784e-03,
2.597120471221272e-03,
1.204257126256894e-03,
1.204257126256493e-03,
1.204257126245663e-03,
8.522585433649745e-04,
8.522585433395240e-04,
8.522585433632014e-04,
4.656274896535142e-04,
4.656274896527381e-04,
4.656274896551918e-04,
1.012842250592953e-03,
1.012842250593050e-03,
1.012842250596407e-03,
1.505155768194356e-03,
1.505155768195521e-03,
1.505155768201664e-03,
5.450543594640894e-04,
5.450543594635431e-04,
5.450543594569918e-04,
1.852050776480416e-04,
2.999371252489252e-03,
1.939584664039625e-03,
4.960765552103520e-03,
4.504764784266665e-03,

// The weights of order 12 rule (122 point(s)):

3.477168822067475e-04,
3.477168822067616e-04,
3.477168822065954e-04,
1.049846185712885e-03,
1.049846185712924e-03,
1.049846185712963e-03,
2.189908654760487e-03,
2.189908654760399e-03,
2.189908654760346e-03,
1.430625842290127e-03,
1.430625842290099e-03,
1.430625842290074e-03,
2.587779790111388e-03,
2.587779790111141e-03,
2.587779790110876e-03,
4.693930811221403e-04,
4.693930811221191e-04,
4.693930811221828e-04,
1.981330865268672e-03,
1.981330865268743e-03,
1.981330865268708e-03,
1.229672816322284e-03,
1.229672816322183e-03,
1.229672816322132e-03,
1.301172661311883e-03,
1.301172661312045e-03,
1.301172661312031e-03,
3.251426805132923e-03,
3.251426805132940e-03,
3.251426805132799e-03,
2.818078481223574e-03,
2.818078481223256e-03,
2.818078481223397e-03,
1.448126225118588e-03,
1.448126225118708e-03,
1.448126225118671e-03,
5.211217875707551e-04,
5.211217875707374e-04,
5.211217875707445e-04,
1.286052638616940e-03,
1.286052638616952e-03,
1.286052638616941e-03,
5.256622670893612e-04,
5.256622670894920e-04,
5.256622670894089e-04,
1.520131018119322e-03,
1.520131018119304e-03,
1.520131018119336e-03,
5.271978638527778e-04,
5.271978638527848e-04,
5.271978638527371e-04,
3.130563072821585e-03,
3.130563072821497e-03,
3.130563072821567e-03,
1.925296724080335e-03,
1.925296724080300e-03,
1.925296724080353e-03,
8.887153590632217e-04,
8.887153590632429e-04,
8.887153590631333e-04,
5.566045279494756e-04,
5.566045279495375e-04,
5.566045279495304e-04,
1.950638926745936e-03,
1.950638926745865e-03,
1.950638926745883e-03,
1.403087134177300e-03,
1.403087134177347e-03,
1.403087134177381e-03,
7.008690706483743e-04,
7.008690706484044e-04,
7.008690706485158e-04,
5.369300725478065e-04,
5.369300725478648e-04,
5.369300725478472e-04,
1.856646795433005e-03,
1.856646795432952e-03,
1.856646795432917e-03,
8.429047994005055e-05,
8.429047994003729e-05,
8.429047994003500e-05,
1.385968058918235e-03,
1.385968058918216e-03,
1.385968058918311e-03,
1.909933382361517e-03,
1.909933382361553e-03,
1.909933382361570e-03,
3.658706854740732e-03,
3.658706854740802e-03,
3.658706854740767e-03,
6.129569463521515e-04,
6.129569463521268e-04,
6.129569463521498e-04,
1.333432670675832e-03,
1.333432670675811e-03,
1.333432670675827e-03,
1.307751425728275e-03,
1.307751425728348e-03,
1.307751425728342e-03,
2.026122936402331e-03,
2.026122936402278e-03,
2.026122936402260e-03,
4.726664854884596e-04,
4.726664854884278e-04,
4.726664854884278e-04,
2.149093453616986e-04,
2.149093453616686e-04,
2.149093453616615e-04,
3.493889694176171e-04,
3.493889694176171e-04,
3.493889694176207e-04,
3.695107281301090e-04,
3.695107281300224e-04,
3.695107281299977e-04,
4.358072429347911e-04,
4.358072429347663e-04,
4.358072429347380e-04,
1.850997512216566e-03,
3.336665703934049e-05,
8.238259069470655e-04,
4.252858800216383e-03,
4.917494562999644e-03,

// The weights of order 13 rule (146 point(s)):

3.551225907301975e-04,
3.551225907297732e-04,
3.551225907301020e-04,
1.177874388275691e-03,
1.177874388276722e-03,
1.177874388273862e-03,
8.144758584716207e-04,
8.144758584703779e-04,
8.144758584702259e-04,
4.530237838729458e-04,
4.530237838723607e-04,
4.530237838724367e-04,
4.154352296917150e-04,
4.154352296915046e-04,
4.154352296917026e-04,
9.317064412002209e-04,
9.317064412011596e-04,
9.317064412010394e-04,
1.263885077185530e-03,
1.263885077185667e-03,
1.263885077185743e-03,
7.934548044531544e-04,
7.934548044526311e-04,
7.934548044530059e-04,
1.910458364719489e-03,
1.910458364718853e-03,
1.910458364720143e-03,
5.183573574952898e-04,
5.183573574954047e-04,
5.183573574953270e-04,
2.571136252078028e-03,
2.571136252077286e-03,
2.571136252077816e-03,
1.127770423627356e-03,
1.127770423627793e-03,
1.127770423627761e-03,
7.731049469581535e-04,
7.731049469574428e-04,
7.731049469581393e-04,
2.127446656882832e-03,
2.127446656884122e-03,
2.127446656883238e-03,
9.212791124106391e-04,
9.212791124102361e-04,
9.212791124099638e-04,
1.084153270371753e-04,
1.084153270373625e-04,
1.084153270375181e-04,
1.523558439011759e-03,
1.523558439014583e-03,
1.523558439013236e-03,
3.711737480225685e-04,
3.711737480226269e-04,
3.711737480222645e-04,
1.382495223889768e-03,
1.382495223889704e-03,
1.382495223889936e-03,
1.553388089457361e-03,
1.553388089457734e-03,
1.553388089458825e-03,
1.578561953453238e-03,
1.578561953453003e-03,
1.578561953453226e-03,
2.385346915718529e-04,
2.385346915718017e-04,
2.385346915715595e-04,
9.388009003998090e-04,
9.388009003994395e-04,
9.388009003994996e-04,
2.961688555454353e-03,
2.961688555454141e-03,
2.961688555453911e-03,
1.155857857316919e-03,
1.155857857316622e-03,
1.155857857316737e-03,
6.904621960691764e-04,
6.904621960698747e-04,
6.904621960693002e-04,
2.234752579785118e-04,
2.234752579784058e-04,
2.234752579782148e-04,
3.480651020245440e-04,
3.480651020247597e-04,
3.480651020245617e-04,
7.517374404998906e-04,
7.517374404998535e-04,
7.517374404992118e-04,
1.680216139298258e-03,
1.680216139298462e-03,
1.680216139298711e-03,
2.560116187914948e-03,
2.560116187915354e-03,
2.560116187915337e-03,
6.550908587343361e-04,
6.550908587344121e-04,
6.550908587339012e-04,
1.808738612798457e-03,
1.808738612798864e-03,
1.808738612798669e-03,
1.609778868289749e-03,
1.609778868289392e-03,
1.609778868289755e-03,
1.776452912903840e-03,
1.776452912905024e-03,
1.776452912906156e-03,
2.151624928261076e-04,
2.151624928258742e-04,
2.151624928256462e-04,
1.309860121942570e-03,
1.309860121942727e-03,
1.309860121942510e-03,
8.002620463696551e-04,
8.002620463692415e-04,
8.002620463703905e-04,
3.303366568209153e-03,
3.303366568208128e-03,
3.303366568209489e-03,
3.691445658334570e-04,
3.691445658330911e-04,
3.691445658331335e-04,
3.116760995113377e-03,
3.116760995113907e-03,
3.116760995113395e-03,
3.560839508039696e-04,
3.560839508036743e-04,
3.560839508037468e-04,
6.619235298199113e-04,
6.619235298200492e-04,
6.619235298204399e-04,
4.021312286914712e-04,
4.021312286918884e-04,
4.021312286922737e-04,
4.266985979252553e-04,
4.266985979257591e-04,
4.266985979246560e-04,
3.361316642480877e-04,
3.361316642481372e-04,
3.361316642483564e-04,
5.341727061939642e-04,
5.341727061944362e-04,
5.341727061933349e-04,
1.438565079846059e-03,
4.134324458614675e-05,
2.834280437245231e-03,
2.340022780617593e-03,
4.303940769897276e-03,

// The weights of order 14 rule (177 point(s)):

7.200311129131555e-04,
7.200311129157382e-04,
7.200311129206579e-04,
1.116608586190202e-03,
1.116608586188957e-03,
1.116608586184538e-03,
2.595061872612594e-04,
2.595061872718607e-04,
2.595061872553374e-04,
6.139296700493466e-04,
6.139296700527107e-04,
6.139296700540701e-04,
5.790788253774548e-04,
5.790788253779834e-04,
5.790788253746123e-04,
1.848270519212232e-03,
1.848270519215326e-03,
1.848270519198267e-03,
6.452115628213602e-04,
6.452115628287018e-04,
6.452115628249435e-04,
1.425091881443152e-03,
1.425091881434046e-03,
1.425091881446326e-03,
5.051196200614484e-04,
5.051196200666881e-04,
5.051196200669975e-04,
1.517977935293334e-03,
1.517977935285032e-03,
1.517977935294481e-03,
1.675110525040233e-04,
1.675110525058969e-04,
1.675110525089499e-04,
3.441188150788934e-04,
3.441188150776560e-04,
3.441188150796394e-04,
1.664251559705531e-04,
1.664251559726147e-04,
1.664251559695554e-04,
3.355528785475203e-04,
3.355528785454432e-04,
3.355528785383527e-04,
6.336953465482813e-04,
6.336953465478906e-04,
6.336953465503018e-04,
1.368166319915851e-03,
1.368166319907221e-03,
1.368166319893899e-03,
3.397225317885450e-04,
3.397225317983490e-04,
3.397225318067247e-04,
6.348790199076737e-04,
6.348790199122381e-04,
6.348790199103519e-04,
2.896234674114698e-04,
2.896234674121238e-04,
2.896234674142982e-04,
6.583108630969205e-04,
6.583108631030264e-04,
6.583108630977938e-04,
1.744383239031631e-03,
1.744383239019985e-03,
1.744383239027185e-03,
9.040682164432670e-04,
9.040682164456146e-04,
9.040682164484996e-04,
2.623508567784392e-04,
2.623508567718366e-04,
2.623508567806206e-04,
5.119272825811387e-04,
5.119272825807410e-04,
5.119272825804475e-04,
2.517305490836880e-04,
2.517305490849343e-04,
2.517305490852419e-04,
2.507865702378711e-03,
2.507865702379471e-03,
2.507865702386949e-03,
9.545436306312908e-04,
9.545436306200301e-04,
9.545436306268908e-04,
1.673900236744908e-03,
1.673900236758419e-03,
1.673900236757949e-03,
9.101648818818197e-04,
9.101648818741405e-04,
9.101648818636471e-04,
1.224916907041147e-03,
1.224916907034883e-03,
1.224916907034844e-03,
6.802125901023808e-04,
6.802125901020556e-04,
6.802125901092857e-04,
6.040034240449691e-04,
6.040034240459378e-04,
6.040034240458406e-04,
3.279326891011035e-04,
3.279326891004370e-04,
3.279326891004582e-04,
1.912790232674277e-03,
1.912790232682904e-03,
1.912790232675356e-03,
1.603026454926245e-03,
1.603026454919838e-03,
1.603026454921981e-03,
2.450297574232397e-03,
2.450297574239344e-03,
2.450297574246292e-03,
8.076554699327818e-04,
8.076554699433265e-04,
8.076554699409860e-04,
8.218351357671575e-04,
8.218351357606450e-04,
8.218351357600970e-04,
5.773932407945843e-04,
5.773932407917506e-04,
5.773932407934671e-04,
2.204929040197592e-03,
2.204929040196956e-03,
2.204929040208499e-03,
4.725137441096981e-04,
4.725137441075379e-04,
4.725137441096787e-04,
4.368238490340619e-04,
4.368238490302577e-04,
4.368238490356193e-04,
5.239737595797436e-04,
5.239737595642084e-04,
5.239737595713325e-04,
1.521769855490287e-03,
1.521769855485114e-03,
1.521769855489261e-03,
1.549992540959890e-03,
1.549992540959409e-03,
1.549992540961081e-03,
5.134274075996243e-04,
5.134274075967694e-04,
5.134274075983003e-04,
3.795403780601866e-04,
3.795403780640845e-04,
3.795403780687037e-04,
5.104037863543032e-05,
5.104037863420367e-05,
5.104037863193474e-05,
1.574456617008223e-03,
1.574456617008188e-03,
1.574456617010968e-03,
1.679265691428502e-03,
1.679265691424394e-03,
1.679265691431603e-03,
2.983445658017804e-03,
2.983445658019236e-03,
2.983445658019342e-03,
1.676428371318374e-03,
1.676428371318321e-03,
1.676428371319970e-03,
5.158371649003296e-04,
5.158371648967782e-04,
5.158371648936209e-04,
4.780758505195660e-04,
4.780758505185761e-04,
4.780758505243319e-04,
6.442538948628821e-05,
6.442538948864305e-05,
6.442538948289392e-05,
3.761105389994098e-04,
3.761105390126716e-04,
3.761105390067089e-04,
4.344437592961111e-04,
4.344437593033342e-04,
4.344437593049376e-04,
2.481588450245401e-03,
2.210507859257202e-05,
2.703211730841768e-03,
7.932872325677067e-04,
4.793254756053183e-04,
3.178159718158852e-03,

// The weights of order 15 rule (214 point(s)):

4.403404439193526e-04,
4.403404439190609e-04,
4.403404439191175e-04,
1.154119441916485e-03,
1.154119441915939e-03,
1.154119441916333e-03,
5.296283626829542e-04,
5.296283626830267e-04,
5.296283626829224e-04,
7.633124179687119e-04,
7.633124179686058e-04,
7.633124179687579e-04,
2.034201072558217e-04,
2.034201072558234e-04,
2.034201072558517e-04,
1.435686140277851e-04,
1.435686140277359e-04,
1.435686140277276e-04,
3.205499531254581e-04,
3.205499531255288e-04,
3.205499531253644e-04,
7.320095837555589e-04,
7.320095837554334e-04,
7.320095837554122e-04,
1.779554638439454e-04,
1.779554638439861e-04,
1.779554638438959e-04,
4.972651138407999e-04,
4.972651138410050e-04,
4.972651138408812e-04,
1.704761923121784e-04,
1.704761923122252e-04,
1.704761923121511e-04,
5.094949946129213e-05,
5.094949946136372e-05,
5.094949946125660e-05,
3.575111876191738e-04,
3.575111876192109e-04,
3.575111876192303e-04,
6.063199394917876e-04,
6.063199394916355e-04,
6.063199394915312e-04,
1.691214800269856e-03,
1.691214800270213e-03,
1.691214800269886e-03,
7.665117920190587e-04,
7.665117920191153e-04,
7.665117920191259e-04,
1.827094348570740e-03,
1.827094348569591e-03,
1.827094348570175e-03,
7.487529433903293e-04,
7.487529433904035e-04,
7.487529433902921e-04,
1.203931508121768e-03,
1.203931508121596e-03,
1.203931508121786e-03,
7.018738744956027e-04,
7.018738744955992e-04,
7.018738744954984e-04,
1.430112964229811e-04,
1.430112964229739e-04,
1.430112964229905e-04,
9.771082729625377e-04,
9.771082729624122e-04,
9.771082729625855e-04,
2.049458570185691e-03,
2.049458570187282e-03,
2.049458570185691e-03,
8.401904995806670e-04,
8.401904995807660e-04,
8.401904995808738e-04,
7.826849265282764e-04,
7.826849265283082e-04,
7.826849265283825e-04,
1.909611708997392e-03,
1.909611708997710e-03,
1.909611708997145e-03,
5.053606662589746e-04,
5.053606662590489e-04,
5.053606662590825e-04,
1.536829401278611e-03,
1.536829401278277e-03,
1.536829401278590e-03,
6.784672244328736e-04,
6.784672244328966e-04,
6.784672244327729e-04,
2.470249070943653e-04,
2.470249070943670e-04,
2.470249070942999e-04,
8.649691231126836e-04,
8.649691231126783e-04,
8.649691231126889e-04,
1.307534671199106e-03,
1.307534671199023e-03,
1.307534671199086e-03,
1.809352442068499e-03,
1.809352442068464e-03,
1.809352442068570e-03,
2.989438206765236e-04,
2.989438206765325e-04,
2.989438206765165e-04,
1.889219065491551e-03,
1.889219065491038e-03,
1.889219065491445e-03,
1.188886978163967e-03,
1.188886978164118e-03,
1.188886978164019e-03,
5.046209614998171e-04,
5.046209614999020e-04,
5.046209614997817e-04,
1.885325435119357e-04,
1.885325435119039e-04,
1.885325435119215e-04,
4.921683513969404e-04,
4.921683513968803e-04,
4.921683513969015e-04,
4.510176089945956e-04,
4.510176089945992e-04,
4.510176089946115e-04,
4.206908093603281e-04,
4.206908093604554e-04,
4.206908093605137e-04,
6.490437338464092e-04,
6.490437338464304e-04,
6.490437338465401e-04,
1.668009864853009e-03,
1.668009864853451e-03,
1.668009864853014e-03,
1.003226140444467e-03,
1.003226140444290e-03,
1.003226140444278e-03,
1.338609979446902e-03,
1.338609979446834e-03,
1.338609979447062e-03,
1.637170507703253e-03,
1.637170507703355e-03,
1.637170507703327e-03,
1.110706878211849e-03,
1.110706878211801e-03,
1.110706878211718e-03,
1.680141518426507e-03,
1.680141518426507e-03,
1.680141518426588e-03,
7.123210856255665e-04,
7.123210856256478e-04,
7.123210856256319e-04,
4.809253606485368e-04,
4.809253606485386e-04,
4.809253606485598e-04,
5.961391122951760e-04,
5.961391122951583e-04,
5.961391122952679e-04,
1.398358195255935e-03,
1.398358195256101e-03,
1.398358195256013e-03,
7.044998612670036e-04,
7.044998612670195e-04,
7.044998612670089e-04,
6.305106887631445e-04,
6.305106887630420e-04,
6.305106887630915e-04,
1.267754810090709e-03,
1.267754810090683e-03,
1.267754810090819e-03,
3.351988396669199e-04,
3.351988396668527e-04,
3.351988396669004e-04,
5.074884100748172e-04,
5.074884100748631e-04,
5.074884100748172e-04,
4.170560045707394e-04,
4.170560045706988e-04,
4.170560045707554e-04,
1.345468976423137e-03,
1.345468976423032e-03,
1.345468976423147e-03,
8.216462765614097e-04,
8.216462765614079e-04,
8.216462765614203e-04,
1.109678843552302e-04,
1.109678843552313e-04,
1.109678843552184e-04,
1.879125100800836e-04,
1.879125100800730e-04,
1.879125100801136e-04,
7.180840505148803e-04,
7.180840505148980e-04,
7.180840505149068e-04,
2.383120253814658e-04,
2.383120253812854e-04,
2.383120253812253e-04,
2.655832309324773e-04,
2.655832309324685e-04,
2.655832309324685e-04,
9.003858468155151e-05,
9.003858468155363e-05,
9.003858468151015e-05,
8.091578025341746e-05,
8.091578025341074e-05,
8.091578025333844e-05,
2.976874969180323e-04,
2.976874969180588e-04,
2.976874969181825e-04,
3.766593641388358e-04,
3.766593641388446e-04,
3.766593641389825e-04,
2.584871901385445e-04,
2.584871901384721e-04,
2.584871901386188e-04,
1.874716775199582e-03,
2.407489553107559e-03,
1.568496765944743e-03,
1.511722175784934e-03,

